2.742010796420389696e+00 2.732642795825466209e+00 2.051874999999999949e-01 2.134999999999999953e-01
1.408864644349414386e+00 1.394855574551588928e+00 5.953125000000000222e-01 5.982499999999999485e-01
1.078151569374963481e+00 1.044218131922783455e+00 6.733749999999999458e-01 6.852500000000000258e-01
9.515931923601219644e-01 9.291219684651602639e-01 7.082500000000000462e-01 7.235000000000000320e-01
8.272947127935067479e-01 8.161007104281537972e-01 7.429375000000000284e-01 7.485000000000000542e-01
7.498106549769074647e-01 7.396373843529854275e-01 7.701875000000000249e-01 7.737500000000000488e-01
7.159327461400397663e-01 6.955404154633049174e-01 7.755625000000000435e-01 7.847499999999999476e-01
6.638754785644180867e-01 6.568216818218304276e-01 7.913124999999999742e-01 7.940000000000000391e-01
6.523373931632866496e-01 6.483785746001411443e-01 7.985624999999999529e-01 8.020000000000000462e-01
6.056910433721411913e-01 6.059319582773450286e-01 8.135624999999999662e-01 8.147499999999999742e-01
6.102735767183412596e-01 6.077007857390877010e-01 8.000625000000000098e-01 8.020000000000000462e-01
5.457169577299811891e-01 5.408534025422749858e-01 8.370625000000000426e-01 8.412500000000000533e-01
5.996912511118419609e-01 5.897750909606355174e-01 8.080000000000000515e-01 8.117499999999999716e-01
5.371477759980533007e-01 5.366634646724692814e-01 8.315000000000000169e-01 8.372500000000000497e-01
5.021942494449841421e-01 4.994686617889258495e-01 8.531250000000000222e-01 8.569999999999999840e-01
4.914751715799406950e-01 4.917823377589277678e-01 8.544374999999999609e-01 8.509999999999999787e-01
4.923441668368468416e-01 4.907471138969634050e-01 8.531250000000000222e-01 8.522499999999999520e-01
4.649764566714840175e-01 4.665212623478648402e-01 8.589375000000000204e-01 8.595000000000000417e-01
5.020563523449339538e-01 5.021945708464801150e-01 8.402500000000000524e-01 8.395000000000000240e-01
4.446187499387917463e-01 4.478172984038931159e-01 8.651250000000000329e-01 8.679999999999999938e-01
4.763373791445740801e-01 4.835256540515943668e-01 8.568124999999999769e-01 8.465000000000000302e-01
4.564022078993340559e-01 4.623690469160350314e-01 8.631874999999999964e-01 8.599999999999999867e-01
4.201722409542327785e-01 4.194704809481868413e-01 8.723750000000000115e-01 8.672499999999999654e-01
4.061210358714308910e-01 4.005567983952596500e-01 8.822499999999999787e-01 8.802499999999999769e-01
4.495850015104495001e-01 4.530924143857626429e-01 8.551874999999999893e-01 8.487500000000000044e-01
4.013025168928024411e-01 4.145416020901610543e-01 8.769375000000000364e-01 8.737500000000000266e-01
4.052323308250214695e-01 3.986805210062119298e-01 8.803125000000000533e-01 8.864999999999999547e-01
4.374881427277728663e-01 4.292328455039962631e-01 8.596249999999999725e-01 8.599999999999999867e-01
4.095068678827238906e-01 4.109959567527338153e-01 8.741250000000000409e-01 8.735000000000000542e-01
3.994757865342489778e-01 4.078603617608357879e-01 8.782499999999999751e-01 8.719999999999999973e-01
3.939360213473513950e-01 3.905026478285951730e-01 8.798124999999999973e-01 8.844999999999999529e-01
4.065103767650135036e-01 4.176768576808956301e-01 8.765625000000000222e-01 8.722499999999999698e-01
3.670738839416569643e-01 3.693463512202431187e-01 8.928125000000000089e-01 8.987500000000000488e-01
3.723524588601653806e-01 3.688466906301156589e-01 8.875625000000000320e-01 8.887500000000000400e-01
3.853382480256162812e-01 3.877291680752549818e-01 8.806249999999999911e-01 8.784999999999999476e-01
3.251388072891010506e-01 3.315993486666830581e-01 9.085625000000000506e-01 9.087499999999999467e-01
3.813487252511125192e-01 3.836114007639631618e-01 8.793125000000000524e-01 8.794999999999999485e-01
3.571584916965640510e-01 3.586331440788127489e-01 9.006250000000000089e-01 8.980000000000000204e-01
3.299027634903876627e-01 3.390005114677732689e-01 9.044375000000000053e-01 8.972499999999999920e-01
3.570199320358580231e-01 3.703515379757452708e-01 8.931249999999999467e-01 8.870000000000000107e-01
3.318223131615304355e-01 3.443844817392936464e-01 9.023124999999999618e-01 8.980000000000000204e-01
3.380896907531221740e-01 3.513848417238919497e-01 8.941249999999999476e-01 8.910000000000000142e-01
3.368362819553652465e-01 3.478157867354007005e-01 8.986250000000000071e-01 8.962499999999999911e-01
3.255598779171891555e-01 3.366675731167885210e-01 9.021875000000000311e-01 8.970000000000000195e-01
3.443572897814535794e-01 3.525997476168906686e-01 9.001249999999999529e-01 8.967500000000000471e-01
3.573197248529779713e-01 3.552730422463494242e-01 8.923124999999999529e-01 8.977500000000000480e-01
3.296169838286390208e-01 3.419848131644546707e-01 9.023750000000000382e-01 8.997500000000000497e-01
3.245202926134376220e-01 3.366038307979460908e-01 9.017500000000000515e-01 8.947500000000000453e-01
3.264712070293903645e-01 3.358803562296213685e-01 9.053124999999999645e-01 8.997500000000000497e-01
3.243419250769108975e-01 3.321650272863606035e-01 9.019374999999999476e-01 9.012499999999999956e-01
3.253448254558983233e-01 3.397589197265687422e-01 9.040000000000000258e-01 9.032499999999999973e-01
3.393294995685059989e-01 3.554768654666285999e-01 8.910624999999999796e-01 8.904999999999999583e-01
3.598377050811328859e-01 3.667965498927430179e-01 8.899375000000000480e-01 8.904999999999999583e-01
3.121889691423524460e-01 3.244489645519269549e-01 9.013124999999999609e-01 9.012499999999999956e-01
3.132021237514445167e-01 3.215972532026945552e-01 9.089374999999999538e-01 9.020000000000000240e-01
3.071046833060537273e-01 3.148543517800193037e-01 9.064999999999999725e-01 9.027500000000000524e-01
3.438712742469899886e-01 3.611259471353310269e-01 8.919375000000000497e-01 8.867500000000000382e-01
3.152172092276555038e-01 3.167158342546586014e-01 9.053750000000000409e-01 9.044999999999999707e-01
3.073773862502858223e-01 3.205790809842696820e-01 9.108749999999999902e-01 9.102500000000000036e-01
3.391245534181162036e-01 3.582153434993892160e-01 8.954999999999999627e-01 8.884999999999999565e-01
2.947046645114276275e-01 3.068620799540672239e-01 9.114999999999999769e-01 9.114999999999999769e-01
3.042378320415546344e-01 3.118638191712449492e-01 9.125625000000000542e-01 9.087499999999999467e-01
3.113460535679895003e-01 3.230769989247038176e-01 9.054999999999999716e-01 9.004999999999999671e-01
3.021813457041681028e-01 3.248699626268825580e-01 9.066874999999999796e-01 8.977500000000000480e-01
3.160471650055103887e-01 3.288520815111151130e-01 9.085625000000000506e-01 9.024999999999999689e-01
2.906977565976799904e-01 3.015437021769009629e-01 9.137499999999999512e-01 9.114999999999999769e-01
3.255007642887838282e-01 3.327923704530165172e-01 9.017500000000000515e-01 8.974999999999999645e-01
2.844763514752032818e-01 3.034090331391702255e-01 9.191249999999999698e-01 9.120000000000000329e-01
2.954050116633911149e-01 3.041518094233601754e-01 9.160625000000000018e-01 9.120000000000000329e-01
3.004005564633620562e-01 3.105452131037259034e-01 9.084375000000000089e-01 9.032499999999999973e-01
2.991496694944276169e-01 3.137398516980149377e-01 9.107499999999999485e-01 9.050000000000000266e-01
3.125901086312831145e-01 3.225154980897317336e-01 9.023750000000000382e-01 9.042499999999999982e-01
3.142099277643228827e-01 3.244626793847480983e-01 9.066250000000000142e-01 9.042499999999999982e-01
2.906247773314948879e-01 3.081730787104700053e-01 9.123124999999999707e-01 9.077499999999999458e-01
2.694979761012233355e-01 2.725256745290799421e-01 9.233749999999999458e-01 9.222500000000000142e-01
2.798144594932827078e-01 2.976279648700176361e-01 9.193750000000000533e-01 9.110000000000000320e-01
2.888399253623930574e-01 3.047048391363541553e-01 9.158749999999999947e-01 9.074999999999999734e-01
3.168072902750542208e-01 3.309109145323392287e-01 9.030624999999999902e-01 8.977500000000000480e-01
2.871715341920816345e-01 2.974559542871265672e-01 9.122500000000000053e-01 9.084999999999999742e-01
3.025938419616366892e-01 3.217012507379762298e-01 9.060000000000000275e-01 9.004999999999999671e-01
3.138281522231063381e-01 3.212780825301069232e-01 9.039374999999999494e-01 9.032499999999999973e-01
3.173184105339426075e-01 3.207929983747500047e-01 8.973124999999999574e-01 8.930000000000000160e-01
2.905427461247759302e-01 2.955364732584452869e-01 9.128125000000000266e-01 9.104999999999999760e-01
2.664465847304270940e-01 2.801961554334836957e-01 9.228750000000000009e-01 9.177499999999999547e-01
2.645030122441730525e-01 2.798823090477636777e-01 9.236250000000000293e-01 9.200000000000000400e-01
2.915538347077700765e-01 3.039345893032368573e-01 9.124999999999999778e-01 9.067499999999999449e-01
2.685194695951895749e-01 2.806099326477964340e-01 9.193750000000000533e-01 9.190000000000000391e-01
2.581496598465709558e-01 2.800665563607277475e-01 9.233124999999999805e-01 9.164999999999999813e-01
2.688145690137424548e-01 2.805670646842389204e-01 9.216250000000000275e-01 9.170000000000000373e-01
2.787737385150444447e-01 2.873666182975086469e-01 9.179374999999999618e-01 9.152500000000000080e-01
3.044913277862609791e-01 3.003347677611322153e-01 9.043124999999999636e-01 9.067499999999999449e-01
3.069453485362353962e-01 3.094900230273310848e-01 9.041875000000000329e-01 9.074999999999999734e-01
2.614384773141320006e-01 2.778357219410501067e-01 9.201875000000000471e-01 9.160000000000000364e-01
3.399097166310379170e-01 3.573792878169823606e-01 8.931875000000000231e-01 8.924999999999999600e-01
2.872316286071848745e-01 2.986728378725408417e-01 9.146874999999999867e-01 9.102500000000000036e-01
2.587188206856936845e-01 2.650313776828853718e-01 9.241875000000000506e-01 9.190000000000000391e-01
2.686418551630456175e-01 2.740332635392990768e-01 9.216874999999999929e-01 9.187499999999999556e-01
2.963170766646583409e-01 3.075993574897219474e-01 9.071249999999999591e-01 9.004999999999999671e-01
2.869733747940698132e-01 2.912891661856206182e-01 9.104999999999999760e-01 9.104999999999999760e-01
2.469268826858104782e-01 2.640094708576011251e-01 9.308750000000000080e-01 9.227499999999999591e-01
2.917029202339415095e-01 2.982896899361019427e-01 9.070624999999999938e-01 9.060000000000000275e-01
2.692959948245119972e-01 2.827853334972904031e-01 9.209374999999999645e-01 9.190000000000000391e-01
2.507690756101171314e-01 2.682326424702663470e-01 9.286250000000000338e-01 9.192500000000000115e-01
2.750915149524711389e-01 2.845659799705682058e-01 9.150625000000000009e-01 9.120000000000000329e-01
3.079564846852049231e-01 3.222638751216265751e-01 9.036250000000000115e-01 8.970000000000000195e-01
2.888340375962182294e-01 3.012378936104813110e-01 9.142500000000000071e-01 9.084999999999999742e-01
2.628530704881026359e-01 2.740450924908737762e-01 9.236250000000000293e-01 9.200000000000000400e-01
2.690060853964696408e-01 2.822163867846462781e-01 9.184999999999999831e-01 9.142500000000000071e-01
2.656083721991174262e-01 2.778314817606962195e-01 9.245624999999999538e-01 9.164999999999999813e-01
2.822600746830430385e-01 2.937260812269474886e-01 9.135625000000000551e-01 9.094999999999999751e-01
2.578368352326354529e-01 2.703421968130219066e-01 9.241249999999999742e-01 9.190000000000000391e-01
2.787076413175552658e-01 2.794207386655821468e-01 9.162500000000000089e-01 9.154999999999999805e-01
2.471486489072639015e-01 2.559968135848151305e-01 9.307499999999999662e-01 9.280000000000000471e-01
2.545916536797350749e-01 2.696549784652994552e-01 9.243124999999999813e-01 9.170000000000000373e-01
2.792372950585832458e-01 2.896888082887935645e-01 9.166250000000000231e-01 9.154999999999999805e-01
2.526480983959688564e-01 2.596157617143577401e-01 9.324375000000000302e-01 9.304999999999999938e-01
2.432174675288175381e-01 2.526183197321423823e-01 9.295624999999999583e-01 9.264999999999999902e-01
2.675954169199716848e-01 2.833609352182911989e-01 9.193750000000000533e-01 9.114999999999999769e-01
2.656140185115071772e-01 2.761332737550480920e-01 9.192500000000000115e-01 9.140000000000000346e-01
2.670402199801650278e-01 2.786383417236336646e-01 9.204375000000000195e-01 9.164999999999999813e-01
2.883876113401827035e-01 3.043604276015784982e-01 9.131875000000000409e-01 9.044999999999999707e-01
2.595223141100591047e-01 2.740925957141361891e-01 9.241875000000000506e-01 9.112500000000000044e-01
2.696353464230668573e-01 2.780328139100581852e-01 9.168125000000000302e-01 9.150000000000000355e-01
2.468868455895222858e-01 2.571979723520570471e-01 9.291249999999999787e-01 9.254999999999999893e-01
2.679619331439822560e-01 2.808447263289614027e-01 9.222500000000000142e-01 9.107499999999999485e-01
2.442352369046688620e-01 2.542315707674964176e-01 9.316250000000000364e-01 9.274999999999999911e-01
2.325897769718305030e-01 2.508788433450251931e-01 9.364375000000000338e-01 9.290000000000000480e-01
2.661082824675433112e-01 2.814725383135505132e-01 9.167499999999999538e-01 9.070000000000000284e-01
2.470323785818092921e-01 2.596856423832195060e-01 9.300000000000000488e-01 9.270000000000000462e-01
2.362447320616044566e-01 2.440297647479553744e-01 9.318750000000000089e-01 9.300000000000000488e-01
2.566294753843438858e-01 2.674090508703940161e-01 9.241249999999999742e-01 9.224999999999999867e-01
2.435766172663917928e-01 2.588537281870564866e-01 9.293749999999999512e-01 9.240000000000000435e-01
2.767253487236826515e-01 2.869592868144307807e-01 9.143750000000000488e-01 9.072500000000000009e-01
2.571229296116997465e-01 2.710919556443956435e-01 9.271249999999999769e-01 9.224999999999999867e-01
2.590635001408825300e-01 2.774073850776759276e-01 9.239374999999999671e-01 9.170000000000000373e-01
2.573679617252098706e-01 2.785382330495959624e-01 9.250625000000000098e-01 9.170000000000000373e-01
2.555918570383372557e-01 2.757295442865034252e-01 9.223749999999999449e-01 9.167499999999999538e-01
2.227668127957299071e-01 2.375763468145140334e-01 9.379999999999999449e-01 9.330000000000000515e-01
2.473127871619358320e-01 2.608393798967019173e-01 9.254375000000000240e-01 9.204999999999999849e-01
2.717238509013544800e-01 2.858285043850918861e-01 9.157499999999999529e-01 9.147499999999999520e-01
2.703698682377908002e-01 2.830584923510525153e-01 9.183124999999999760e-01 9.160000000000000364e-01
2.453665023468936945e-01 2.548920256330943768e-01 9.313749999999999529e-01 9.290000000000000480e-01
2.597512408660981875e-01 2.725603445155901361e-01 9.250000000000000444e-01 9.204999999999999849e-01
3.033882633677217888e-01 3.167432577692440021e-01 9.087499999999999467e-01 9.037500000000000533e-01
2.373679658335034470e-01 2.482527038640653938e-01 9.288750000000000062e-01 9.272500000000000187e-01
2.561576827943494172e-01 2.733572705608385278e-01 9.247499999999999609e-01 9.184999999999999831e-01
2.764007110349824825e-01 2.827315553375541191e-01 9.144375000000000142e-01 9.142500000000000071e-01
2.235609076264614137e-01 2.362562175507040285e-01 9.347499999999999698e-01 9.290000000000000480e-01
2.368374159874775675e-01 2.531204846490501259e-01 9.318125000000000435e-01 9.252500000000000169e-01
2.368680051456091840e-01 2.486880498094094227e-01 9.293749999999999512e-01 9.282500000000000195e-01
2.435622210573786250e-01 2.551877487177547921e-01 9.289374999999999716e-01 9.292500000000000204e-01
2.561530440421405097e-01 2.638508153554098290e-01 9.242500000000000160e-01 9.210000000000000409e-01
2.569685127820027226e-01 2.713377076167809987e-01 9.237499999999999600e-01 9.202500000000000124e-01
2.307050030104977334e-01 2.446091943245534972e-01 9.309374999999999734e-01 9.254999999999999893e-01
2.695157171866596757e-01 2.828812406626102227e-01 9.146250000000000213e-01 9.137499999999999512e-01
2.737308149440182414e-01 2.833382034840936092e-01 9.147499999999999520e-01 9.157499999999999529e-01
2.199554081296557217e-01 2.322065565606460935e-01 9.371249999999999858e-01 9.317499999999999671e-01
2.385039686799327041e-01 2.567944026307242278e-01 9.328125000000000444e-01 9.234999999999999876e-01
2.548126966765915657e-01 2.704563922152680155e-01 9.246874999999999956e-01 9.164999999999999813e-01
2.648427306198352649e-01 2.727868518646491824e-01 9.248750000000000027e-01 9.212500000000000133e-01
2.601853662847001258e-01 2.726276221141719636e-01 9.161249999999999671e-01 9.104999999999999760e-01
2.207459028193709538e-01 2.346730602323688908e-01 9.343749999999999556e-01 9.280000000000000471e-01
2.376803412532763615e-01 2.530696537346495689e-01 9.309374999999999734e-01 9.210000000000000409e-01
2.250129287959779234e-01 2.380039824726950526e-01 9.366875000000000062e-01 9.307499999999999662e-01
2.892716117131323150e-01 2.983001753519255450e-01 9.038125000000000187e-01 9.042499999999999982e-01
2.412384555643389827e-01 2.564946932540391189e-01 9.293749999999999512e-01 9.230000000000000426e-01
2.527128220723345864e-01 2.659105926080840288e-01 9.264375000000000249e-01 9.224999999999999867e-01
2.285560362905923182e-01 2.421346543385100858e-01 9.327499999999999680e-01 9.297499999999999654e-01
2.467426734080856998e-01 2.551908007919855836e-01 9.245624999999999538e-01 9.204999999999999849e-01
2.468141781630922293e-01 2.611019211226852099e-01 9.277499999999999636e-01 9.222500000000000142e-01
2.423694155868631184e-01 2.614752800107572606e-01 9.275624999999999565e-01 9.232500000000000151e-01
2.357009427632806020e-01 2.481614835671947794e-01 9.308125000000000426e-01 9.237499999999999600e-01
2.532408299698020171e-01 2.622609136100194083e-01 9.207499999999999574e-01 9.164999999999999813e-01
2.535381633960697156e-01 2.695172033751137564e-01 9.243749999999999467e-01 9.194999999999999840e-01
2.467947870459635817e-01 2.625796074000910640e-01 9.291875000000000551e-01 9.230000000000000426e-01
2.516635157683639323e-01 2.662904918208479077e-01 9.210625000000000062e-01 9.137499999999999512e-01
3.006357024076662388e-01 3.148213195329166991e-01 9.056250000000000133e-01 8.994999999999999662e-01
2.515697605884972265e-01 2.719620977524191963e-01 9.270625000000000115e-01 9.242500000000000160e-01
2.516700881833139336e-01 2.646189158402424968e-01 9.243749999999999467e-01 9.207499999999999574e-01
2.551596835328593382e-01 2.725457613430958825e-01 9.227499999999999591e-01 9.134999999999999787e-01
2.392508556761155647e-01 2.514600207219232497e-01 9.324999999999999956e-01 9.294999999999999929e-01
2.094257741830442832e-01 2.208867043047450796e-01 9.421249999999999902e-01 9.389999999999999458e-01
2.078616400129076336e-01 2.285842449733692661e-01 9.418125000000000524e-01 9.347499999999999698e-01
2.404069274239442888e-01 2.573381036755363893e-01 9.259374999999999689e-01 9.217499999999999583e-01
2.618725528524038504e-01 2.807080097141603225e-01 9.160625000000000018e-01 9.124999999999999778e-01
2.355126143810750139e-01 2.513146690996679311e-01 9.334375000000000311e-01 9.267499999999999627e-01
2.344371928967604601e-01 2.468637140420746612e-01 9.331249999999999822e-01 9.262500000000000178e-01
2.360251088542019149e-01 2.578636479838176121e-01 9.276874999999999982e-01 9.220000000000000417e-01
2.532526630989108130e-01 2.674677492924411037e-01 9.246250000000000302e-01 9.237499999999999600e-01
2.885174124476945212e-01 3.084689447597784850e-01 9.118749999999999911e-01 9.014999999999999680e-01
2.521915176163649353e-01 2.736591641342894232e-01 9.257499999999999618e-01 9.172500000000000098e-01
2.239158179034365925e-01 2.340244436230211056e-01 9.321249999999999813e-01 9.267499999999999627e-01
2.284994518026514654e-01 2.442257475475318740e-01 9.339374999999999760e-01 9.237499999999999600e-01
2.569644170826796414e-01 2.671752304731930816e-01 9.254999999999999893e-01 9.207499999999999574e-01
2.508371567857098361e-01 2.630536771020061115e-01 9.290000000000000480e-01 9.257499999999999618e-01
2.340287591986008886e-01 2.494202850607138977e-01 9.342500000000000249e-01 9.297499999999999654e-01
2.224990253869954804e-01 2.314911110825216833e-01 9.348750000000000115e-01 9.307499999999999662e-01
2.339974477198278335e-01 2.485575839562128575e-01 9.323749999999999538e-01 9.324999999999999956e-01
2.756035714486418375e-01 2.945654745077936343e-01 9.071249999999999591e-01 9.007500000000000506e-01
2.229942166865103437e-01 2.396537503774014144e-01 9.352500000000000258e-01 9.304999999999999938e-01
2.347939580902137779e-01 2.492052896616840374e-01 9.299374999999999725e-01 9.234999999999999876e-01
2.957831381744405741e-01 3.086309331004626899e-01 9.035625000000000462e-01 9.034999999999999698e-01
2.427153144321885503e-01 2.545655389453922446e-01 9.253124999999999822e-01 9.224999999999999867e-01
2.519571451069344548e-01 2.550302018970520557e-01 9.231875000000000497e-01 9.220000000000000417e-01
2.402415561798549593e-01 2.481631602367443956e-01 9.260000000000000453e-01 9.254999999999999893e-01
2.377735466851960688e-01 2.486084000944166483e-01 9.301249999999999796e-01 9.232500000000000151e-01
2.055184489921526858e-01 2.262715280884977365e-01 9.409374999999999822e-01 9.312500000000000222e-01
2.302594685256642015e-01 2.515185467166446975e-01 9.307499999999999662e-01 9.210000000000000409e-01
2.141589008329844168e-01 2.299603962690144887e-01 9.370000000000000551e-01 9.322500000000000231e-01
2.486753687209770081e-01 2.611134415711416912e-01 9.272500000000000187e-01 9.164999999999999813e-01
2.356226371453102042e-01 2.507847549859427150e-01 9.338750000000000107e-01 9.280000000000000471e-01
2.412798855131330356e-01 2.569798432493416995e-01 9.244999999999999885e-01 9.220000000000000417e-01
2.545217105730656626e-01 2.762348164094677871e-01 9.215624999999999512e-01 9.152500000000000080e-01
2.687801038225253736e-01 2.798431025765870106e-01 9.151875000000000426e-01 9.094999999999999751e-01
2.428931019731479513e-01 2.585443166990187280e-01 9.271875000000000533e-01 9.224999999999999867e-01
2.421504742637611562e-01 2.596483248137819722e-01 9.273124999999999840e-01 9.174999999999999822e-01
2.331297507488807597e-01 2.524796675413469860e-01 9.334999999999999964e-01 9.247499999999999609e-01
2.262953509245629047e-01 2.386447433533176454e-01 9.300625000000000142e-01 9.234999999999999876e-01
2.569876421754275220e-01 2.656760621907540143e-01 9.218750000000000000e-01 9.194999999999999840e-01
2.490062094544260307e-01 2.622897364155808431e-01 9.234999999999999876e-01 9.164999999999999813e-01
2.216330752391780234e-01 2.343173254710164966e-01 9.358125000000000471e-01 9.294999999999999929e-01
2.420708193659183438e-01 2.502251112644106601e-01 9.298125000000000417e-01 9.274999999999999911e-01
2.392225814631531722e-01 2.463717436715759379e-01 9.301874999999999449e-01 9.314999999999999947e-01
2.596753032490657920e-01 2.705759124775494184e-01 9.247499999999999609e-01 9.167499999999999538e-01
2.086469494840076100e-01 2.220196310439122023e-01 9.413749999999999618e-01 9.362500000000000266e-01
2.108143029700787763e-01 2.222508086529147997e-01 9.388750000000000151e-01 9.342500000000000249e-01
2.251020776290510450e-01 2.401301781526254397e-01 9.366875000000000062e-01 9.294999999999999929e-01
2.368392623653830520e-01 2.576966549663990969e-01 9.295624999999999583e-01 9.230000000000000426e-01
2.205335876122864469e-01 2.420839067309817627e-01 9.364375000000000338e-01 9.280000000000000471e-01
2.319912576427597406e-01 2.499155107967925560e-01 9.322500000000000231e-01 9.230000000000000426e-01
2.450591685014084087e-01 2.589806057824664554e-01 9.269374999999999698e-01 9.182500000000000107e-01
2.174934635703424934e-01 2.204486262050874001e-01 9.358750000000000124e-01 9.344999999999999973e-01
2.373130590625492642e-01 2.418879748129159624e-01 9.289374999999999716e-01 9.262500000000000178e-01
2.421509395130164166e-01 2.539309249020976766e-01 9.256250000000000311e-01 9.194999999999999840e-01
2.538328723882287696e-01 2.706775390983242602e-01 9.210000000000000409e-01 9.132500000000000062e-01
2.435940682402674140e-01 2.564432442394032896e-01 9.264375000000000249e-01 9.224999999999999867e-01
2.220208725376785486e-01 2.396230062477051892e-01 9.349374999999999769e-01 9.290000000000000480e-01
2.172080741499611278e-01 2.360392832755028869e-01 9.407499999999999751e-01 9.317499999999999671e-01
2.630261200225401108e-01 2.786663446251684828e-01 9.171249999999999680e-01 9.124999999999999778e-01
2.030719505263258451e-01 2.201030860539643086e-01 9.405624999999999680e-01 9.357499999999999707e-01
2.112815012161971540e-01 2.257124382281237296e-01 9.377499999999999725e-01 9.297499999999999654e-01
2.663488391010007117e-01 2.771729189380641722e-01 9.167499999999999538e-01 9.167499999999999538e-01
2.183158546183588122e-01 2.336751570881359652e-01 9.344999999999999973e-01 9.247499999999999609e-01
2.382508559094724254e-01 2.527186879974684386e-01 9.276874999999999982e-01 9.234999999999999876e-01
2.239889069197960325e-01 2.409914138959060592e-01 9.347499999999999698e-01 9.227499999999999591e-01
2.362245015454270125e-01 2.495528894169630474e-01 9.321874999999999467e-01 9.237499999999999600e-01
2.205285873766248683e-01 2.361351310324749098e-01 9.361249999999999849e-01 9.320000000000000506e-01
2.465658124380264993e-01 2.546224206178213656e-01 9.261249999999999760e-01 9.187499999999999556e-01
2.051292537079781320e-01 2.249353617388070992e-01 9.408125000000000515e-01 9.312500000000000222e-01
2.335828140189372126e-01 2.425459774766873244e-01 9.296875000000000000e-01 9.304999999999999938e-01
2.514784672037466695e-01 2.703066071005476023e-01 9.234375000000000222e-01 9.182500000000000107e-01
2.165167779083255473e-01 2.332376320049029950e-01 9.361249999999999849e-01 9.322500000000000231e-01
2.137092288884126778e-01 2.295514941220539451e-01 9.356875000000000053e-01 9.310000000000000497e-01
2.483398478607660997e-01 2.646466573296753499e-01 9.226874999999999938e-01 9.187499999999999556e-01
2.575023578516426048e-01 2.778175111256000474e-01 9.189374999999999627e-01 9.130000000000000338e-01
2.245733678213752693e-01 2.338341031901443323e-01 9.336250000000000382e-01 9.282500000000000195e-01
2.332420434770953455e-01 2.524225811469745784e-01 9.300000000000000488e-01 9.232500000000000151e-01
2.476131971932588605e-01 2.589747566926527411e-01 9.216874999999999929e-01 9.184999999999999831e-01
2.183177327068525075e-01 2.317347533342192512e-01 9.361874999999999503e-01 9.300000000000000488e-01
2.248463987871009984e-01 2.406835535802732129e-01 9.338750000000000107e-01 9.290000000000000480e-01
2.375892556504373976e-01 2.498361432317041109e-01 9.310000000000000497e-01 9.260000000000000453e-01
2.459036017992043410e-01 2.585365068299896874e-01 9.246250000000000302e-01 9.190000000000000391e-01
2.039186506277715083e-01 2.100466444959323831e-01 9.426875000000000115e-01 9.392500000000000293e-01
2.180806448702424516e-01 2.343127954986282402e-01 9.359374999999999778e-01 9.290000000000000480e-01
2.229517021379928132e-01 2.341061369919272550e-01 9.358750000000000124e-01 9.307499999999999662e-01
2.134238370408118313e-01 2.279491142007097904e-01 9.394375000000000364e-01 9.312500000000000222e-01
2.338644888613594652e-01 2.479113128508474706e-01 9.301874999999999449e-01 9.262500000000000178e-01
2.190665879356659684e-01 2.279815150705345461e-01 9.352500000000000258e-01 9.297499999999999654e-01
2.271785763302131278e-01 2.429400922639913807e-01 9.306875000000000009e-01 9.254999999999999893e-01
2.262994316721301524e-01 2.401039903323564928e-01 9.357499999999999707e-01 9.290000000000000480e-01
2.259005826072908174e-01 2.447965099943282263e-01 9.350000000000000533e-01 9.292500000000000204e-01
2.890966718705474392e-01 2.974518801623101116e-01 9.080000000000000293e-01 9.120000000000000329e-01
2.104393712661667415e-01 2.315021320533291460e-01 9.391249999999999876e-01 9.320000000000000506e-01
2.377085944879737955e-01 2.560064738751640090e-01 9.283124999999999849e-01 9.217499999999999583e-01
2.265584917829774614e-01 2.393378236424466010e-01 9.323124999999999885e-01 9.237499999999999600e-01
2.389315573475719323e-01 2.559785023694166051e-01 9.343749999999999556e-01 9.250000000000000444e-01
2.197687495973114635e-01 2.382627301442690748e-01 9.369374999999999787e-01 9.300000000000000488e-01
2.345721723507874779e-01 2.468053046180577748e-01 9.295624999999999583e-01 9.267499999999999627e-01
3.360271232390117380e-01 3.564098448680425024e-01 8.871250000000000524e-01 8.804999999999999494e-01
2.167963412706060689e-01 2.303877322401803041e-01 9.409374999999999822e-01 9.340000000000000524e-01
2.197332641021807753e-01 2.378722342722174588e-01 9.341874999999999485e-01 9.294999999999999929e-01
2.183430332330989487e-01 2.295100101496492517e-01 9.361249999999999849e-01 9.334999999999999964e-01
2.379219868047972586e-01 2.472898526144554909e-01 9.276250000000000329e-01 9.257499999999999618e-01
2.098270734068955756e-01 2.323936950681126101e-01 9.363749999999999574e-01 9.287499999999999645e-01
2.366908777870448399e-01 2.583492408371843019e-01 9.296875000000000000e-01 9.192500000000000115e-01
2.207692869232667499e-01 2.375403078182314887e-01 9.361874999999999503e-01 9.312500000000000222e-01
1.971465746734079316e-01 2.061681210699277400e-01 9.437499999999999778e-01 9.402500000000000302e-01
2.511356919644157082e-01 2.669935817278689116e-01 9.234375000000000222e-01 9.170000000000000373e-01
2.142649432674734178e-01 2.289195510394914090e-01 9.398125000000000506e-01 9.327499999999999680e-01
2.902263957947441297e-01 2.994001070925547126e-01 9.094999999999999751e-01 9.037500000000000533e-01
2.042493454209866333e-01 2.209230768855612315e-01 9.421874999999999556e-01 9.332500000000000240e-01
2.070986727919179593e-01 2.208156676265700114e-01 9.384375000000000355e-01 9.340000000000000524e-01
2.237573714566347682e-01 2.315871246416529028e-01 9.339374999999999760e-01 9.327499999999999680e-01
2.158293336181811295e-01 2.219061115507505455e-01 9.343124999999999902e-01 9.347499999999999698e-01
2.376999610219601711e-01 2.486827671272589524e-01 9.264999999999999902e-01 9.222500000000000142e-01
2.408641378871666794e-01 2.533328925106226315e-01 9.260000000000000453e-01 9.190000000000000391e-01
2.510946654867642347e-01 2.653352066298839684e-01 9.249374999999999680e-01 9.157499999999999529e-01
2.204494889899241694e-01 2.313212957582949092e-01 9.370000000000000551e-01 9.317499999999999671e-01
2.214664934223229409e-01 2.278564637467765386e-01 9.339374999999999760e-01 9.322500000000000231e-01
2.185697136600004975e-01 2.331662328527987771e-01 9.392500000000000293e-01 9.304999999999999938e-01
2.063777596172042539e-01 2.173258846498752894e-01 9.434375000000000400e-01 9.399999999999999467e-01
2.247350957252890746e-01 2.457586195948453511e-01 9.328750000000000098e-01 9.240000000000000435e-01
2.005008686911722848e-01 2.196097052703598895e-01 9.429374999999999840e-01 9.340000000000000524e-01
1.961221473796326553e-01 2.183576727511489513e-01 9.444375000000000409e-01 9.342500000000000249e-01
2.062868812528374229e-01 2.226464414977209483e-01 9.435000000000000053e-01 9.344999999999999973e-01
2.255828207594385293e-01 2.296254541098965152e-01 9.326250000000000373e-01 9.310000000000000497e-01
1.960841841355149828e-01 2.124758461046714619e-01 9.444375000000000409e-01 9.347499999999999698e-01
2.273423435455238228e-01 2.454073171089305450e-01 9.342500000000000249e-01 9.274999999999999911e-01
2.006894757844722710e-01 2.176161605475233907e-01 9.421874999999999556e-01 9.342500000000000249e-01
2.372950291071527218e-01 2.594976623054610632e-01 9.278750000000000053e-01 9.240000000000000435e-01
2.172930368626933839e-01 2.266072332454776295e-01 9.335624999999999618e-01 9.300000000000000488e-01
2.037917638929227226e-01 2.222176120654890952e-01 9.414375000000000382e-01 9.360000000000000542e-01
2.317444370624555106e-01 2.535199258484905904e-01 9.291875000000000551e-01 9.192500000000000115e-01
2.472882265615619357e-01 2.575177826031106454e-01 9.241249999999999742e-01 9.162500000000000089e-01
2.159042824649873016e-01 2.307339621133798202e-01 9.356250000000000400e-01 9.304999999999999938e-01
2.089415819448114386e-01 2.221936008808061136e-01 9.410625000000000240e-01 9.367499999999999716e-01
2.114894288881208340e-01 2.233160283268766644e-01 9.408750000000000169e-01 9.344999999999999973e-01
2.324650123650721933e-01 2.509917027187309468e-01 9.290000000000000480e-01 9.230000000000000426e-01
2.221487374470814957e-01 2.352626869414287392e-01 9.334375000000000311e-01 9.307499999999999662e-01
1.910710991540749970e-01 2.090669209588504884e-01 9.477499999999999813e-01 9.389999999999999458e-01
2.378668335474044548e-01 2.421682315352758352e-01 9.283749999999999503e-01 9.267499999999999627e-01
2.113508712505865195e-01 2.266003206173980156e-01 9.413749999999999618e-01 9.334999999999999964e-01
1.946820101697406824e-01 2.069456152196106624e-01 9.467499999999999805e-01 9.399999999999999467e-01
2.025875803675509235e-01 2.179187661846093693e-01 9.432500000000000329e-01 9.354999999999999982e-01
2.145081457071275066e-01 2.241058643540153605e-01 9.364999999999999991e-01 9.334999999999999964e-01
2.353985348709118353e-01 2.477755733903951596e-01 9.305624999999999591e-01 9.260000000000000453e-01
2.315011494094458000e-01 2.502601352911193455e-01 9.278750000000000053e-01 9.172500000000000098e-01
2.142732662725545800e-01 2.255945506236122222e-01 9.369374999999999787e-01 9.344999999999999973e-01
2.123642117795332684e-01 2.143305258331262841e-01 9.378125000000000488e-01 9.334999999999999964e-01
2.517587331434028575e-01 2.669231548653243080e-01 9.235624999999999529e-01 9.184999999999999831e-01
2.299415923047317400e-01 2.415565647639776881e-01 9.297499999999999654e-01 9.270000000000000462e-01
2.132089992041852899e-01 2.259462349650777357e-01 9.378750000000000142e-01 9.310000000000000497e-01
2.196588415649816384e-01 2.354576792368363036e-01 9.348125000000000462e-01 9.290000000000000480e-01
2.082400808420172555e-01 2.204669068184287040e-01 9.364999999999999991e-01 9.314999999999999947e-01
2.155926367737579785e-01 2.328967543567575516e-01 9.379999999999999449e-01 9.292500000000000204e-01
2.221270287083985384e-01 2.386000801210760303e-01 9.329374999999999751e-01 9.310000000000000497e-01
2.077096298474868097e-01 2.214971803483183621e-01 9.381249999999999867e-01 9.327499999999999680e-01
1.942319954435141049e-01 2.074199399975159008e-01 9.459999999999999520e-01 9.412500000000000311e-01
2.128529946277430973e-01 2.260191457038581153e-01 9.406250000000000444e-01 9.344999999999999973e-01
2.302190901225758812e-01 2.413094859500401479e-01 9.328125000000000444e-01 9.244999999999999885e-01
2.151384065480908547e-01 2.324351057154673272e-01 9.358750000000000124e-01 9.277499999999999636e-01
2.268303352634997438e-01 2.399436365901752022e-01 9.326250000000000373e-01 9.270000000000000462e-01
2.373655412298003864e-01 2.566785399964006675e-01 9.256250000000000311e-01 9.160000000000000364e-01
2.079468497071375044e-01 2.277850241147078014e-01 9.420625000000000249e-01 9.332500000000000240e-01
1.907339221961661946e-01 2.083782560198929601e-01 9.462500000000000355e-01 9.372500000000000275e-01
1.964011862675894837e-01 2.149134575820095816e-01 9.443124999999999991e-01 9.377499999999999725e-01
2.305118520762865497e-01 2.376738517147322927e-01 9.276874999999999982e-01 9.287499999999999645e-01
2.228581086200509265e-01 2.392005137563124328e-01 9.331874999999999476e-01 9.237499999999999600e-01
2.017318933767471012e-01 2.153378507949208764e-01 9.426250000000000462e-01 9.330000000000000515e-01
2.158011419336533510e-01 2.292593784400788204e-01 9.371874999999999512e-01 9.314999999999999947e-01
2.125312311704224688e-01 2.225839537509740618e-01 9.354999999999999982e-01 9.317499999999999671e-01
1.998939020247066101e-01 2.124652863536470593e-01 9.439999999999999503e-01 9.392500000000000293e-01
1.958537844992692956e-01 2.127171058525389180e-01 9.456250000000000488e-01 9.350000000000000533e-01
2.178534741254304630e-01 2.344326660827225628e-01 9.332500000000000240e-01 9.250000000000000444e-01
2.240184553031904224e-01 2.349499871078321034e-01 9.365624999999999645e-01 9.332500000000000240e-01
2.043178395393472346e-01 2.206962912397883725e-01 9.384375000000000355e-01 9.317499999999999671e-01
2.184474658008014047e-01 2.357043008574303822e-01 9.373749999999999583e-01 9.272500000000000187e-01
2.333067727909736988e-01 2.484569399334782269e-01 9.307499999999999662e-01 9.244999999999999885e-01
2.088422263314194116e-01 2.247855704964586698e-01 9.428125000000000533e-01 9.342500000000000249e-01
2.419931411834638224e-01 2.587750079224042099e-01 9.280000000000000471e-01 9.227499999999999591e-01
2.099382853767427226e-01 2.210965581887884834e-01 9.392500000000000293e-01 9.304999999999999938e-01
2.281891476053242163e-01 2.473836958093721672e-01 9.299374999999999725e-01 9.237499999999999600e-01
1.994185122593584159e-01 2.119975567255557303e-01 9.431874999999999565e-01 9.357499999999999707e-01
1.960973912716824641e-01 2.115567650635014896e-01 9.473125000000000018e-01 9.375000000000000000e-01
2.135960045192596135e-01 2.337559710617020392e-01 9.383124999999999938e-01 9.272500000000000187e-01
2.323219382378754194e-01 2.483373396839332059e-01 9.336875000000000036e-01 9.254999999999999893e-01
2.227721108800239658e-01 2.348564668894028984e-01 9.365624999999999645e-01 9.302500000000000213e-01
2.318101160756995405e-01 2.424879287681314943e-01 9.302500000000000213e-01 9.324999999999999956e-01
2.004760075249074902e-01 2.145297577591180338e-01 9.423124999999999973e-01 9.360000000000000542e-01
2.618999614417713007e-01 2.610946016365297551e-01 9.161249999999999671e-01 9.170000000000000373e-01
2.281105443077665607e-01 2.363718309610748636e-01 9.333749999999999547e-01 9.310000000000000497e-01
1.930960847275709491e-01 2.136139101668470819e-01 9.478750000000000231e-01 9.344999999999999973e-01
2.091225534284331944e-01 2.204238179123016173e-01 9.383124999999999938e-01 9.330000000000000515e-01
2.033899051771718980e-01 2.089221223719653908e-01 9.429374999999999840e-01 9.372500000000000275e-01
2.314678524958547201e-01 2.425219841045084257e-01 9.311874999999999458e-01 9.294999999999999929e-01
2.511458071619694921e-01 2.694515854374632813e-01 9.265624999999999556e-01 9.200000000000000400e-01
1.905081611621921578e-01 1.974976377463943944e-01 9.426875000000000115e-01 9.395000000000000018e-01
2.085827010931947112e-01 2.276160481920979084e-01 9.391874999999999529e-01 9.317499999999999671e-01
2.242683908255822256e-01 2.312950854822009572e-01 9.341874999999999485e-01 9.320000000000000506e-01
1.970777884124552681e-01 2.110276003486188379e-01 9.491249999999999964e-01 9.405000000000000027e-01
1.922718619110561356e-01 2.111906849611292769e-01 9.435000000000000053e-01 9.337499999999999689e-01
1.955461949343140771e-01 2.060277288527391226e-01 9.475624999999999742e-01 9.437499999999999778e-01
2.068245157234029907e-01 2.273924471496787947e-01 9.375624999999999654e-01 9.282500000000000195e-01
1.969747394751553971e-01 2.137492834436406364e-01 9.434375000000000400e-01 9.354999999999999982e-01
2.095698699365381723e-01 2.184499563912232767e-01 9.379999999999999449e-01 9.357499999999999707e-01
2.088907973400019880e-01 2.268588928314076159e-01 9.382500000000000284e-01 9.297499999999999654e-01
2.008684562214626823e-01 2.180845388918132288e-01 9.431874999999999565e-01 9.342500000000000249e-01
2.314478400125289659e-01 2.418112284761926578e-01 9.304375000000000284e-01 9.284999999999999920e-01
2.143364320420079183e-01 2.263035329927683692e-01 9.346875000000000044e-01 9.282500000000000195e-01
2.055631189234467249e-01 2.266372856759588661e-01 9.395000000000000018e-01 9.317499999999999671e-01
2.301611561010868945e-01 2.487574580944101332e-01 9.327499999999999680e-01 9.232500000000000151e-01
2.370696465314557078e-01 2.462312453358090625e-01 9.248125000000000373e-01 9.262500000000000178e-01
2.008434599082492555e-01 2.115536102536531571e-01 9.401874999999999538e-01 9.347499999999999698e-01
2.099740023177515680e-01 2.297492916776763539e-01 9.394375000000000364e-01 9.280000000000000471e-01
1.962227216312756317e-01 2.159487917847243421e-01 9.444375000000000409e-01 9.387499999999999734e-01
2.043805791096734714e-01 2.105821161252981744e-01 9.421249999999999902e-01 9.395000000000000018e-01
2.230215617901067648e-01 2.390755729023773535e-01 9.332500000000000240e-01 9.234999999999999876e-01
2.039570341166232204e-01 2.142042184987529296e-01 9.425000000000000044e-01 9.362500000000000266e-01
2.517122150495463839e-01 2.663351384076728667e-01 9.222500000000000142e-01 9.162500000000000089e-01
2.074124377181156276e-01 2.162597030780692708e-01 9.409374999999999822e-01 9.387499999999999734e-01
