1.004105349049092766e+00 1.028079513629042374e+00 6.114130434782608647e-01 5.841476655808903740e-01
1.001846934476829931e+00 1.026432327286577850e+00 6.114130434782608647e-01 5.841476655808903740e-01
1.004860413448195544e+00 1.025981297895158795e+00 6.114130434782608647e-01 5.841476655808903740e-01
9.868275227088144641e-01 1.012764091159807478e+00 6.114130434782608647e-01 5.841476655808903740e-01
9.577121948676581287e-01 9.936432908847473433e-01 6.114130434782608647e-01 5.841476655808903740e-01
8.373962044431716434e-01 8.867847544110879499e-01 7.423913043478260754e-01 7.100977198697068227e-01
7.794369401503949968e-01 8.373273986013096692e-01 7.961956521739130821e-01 7.806731813246471363e-01
6.406421602199630083e-01 6.933562396923261817e-01 8.804347826086956763e-01 8.697068403908795320e-01
7.055534056714589664e-01 7.454868246831445333e-01 8.339673913043478271e-01 8.251900108577633342e-01
6.037361905765465941e-01 6.477741084030885776e-01 8.894021739130434367e-01 8.827361563517914789e-01
5.995983847869242878e-01 6.389597360072915011e-01 9.048913043478260532e-01 8.903365906623235126e-01
5.973283297421085880e-01 6.394712693417820004e-01 8.951086956521738802e-01 8.805646036916394692e-01
5.913816664472513196e-01 6.257666512906829848e-01 9.116847826086956763e-01 8.935939196525515271e-01
5.717805621362085366e-01 6.079815598170492663e-01 9.144021739130434590e-01 8.914223669923995175e-01
5.665526973662197152e-01 6.001133421485040920e-01 9.171195652173913526e-01 8.990228013029315512e-01
5.610541513567356420e-01 5.834628250788007620e-01 9.214673913043478493e-01 9.033659066232355705e-01
8.318031975189794647e-01 8.808586285312769437e-01 7.845108695652174280e-01 7.665580890336590736e-01
5.638549989612606783e-01 5.931236958488861344e-01 9.163043478260869401e-01 8.979370249728555464e-01
5.505998324909343600e-01 5.783264721517130669e-01 9.255434782608695787e-01 9.066232356134635850e-01
5.891627244802798424e-01 6.176931146056063859e-01 8.910326086956521507e-01 8.892508143322475078e-01
5.466374364228506755e-01 5.684019348833111440e-01 9.269021739130435256e-01 9.229098805646036574e-01
5.896745695137231014e-01 6.175753374034578247e-01 8.929347826086956319e-01 8.946796959826275319e-01
5.437389011221268609e-01 5.670361659851096414e-01 9.307065217391304879e-01 9.185667752442996381e-01
5.494816196544662912e-01 5.716970098091316288e-01 9.206521739130434367e-01 9.098805646036915995e-01
5.731618395083195594e-01 5.886762543862612551e-01 9.103260869565217295e-01 9.087947882736155947e-01
5.378930378063144779e-01 5.628533301066387384e-01 9.315217391304347894e-01 9.196525515743756429e-01
5.625541825012425612e-01 5.907085142840386993e-01 9.057065217391304657e-01 9.011943539630835609e-01
5.546285874973910790e-01 5.761171947441197094e-01 9.241847826086956319e-01 9.033659066232355705e-01
5.514358297044263946e-01 5.716311690544462198e-01 9.304347826086956097e-01 9.185667752442996381e-01
5.581802904518879949e-01 5.776879834141087633e-01 9.171195652173913526e-01 9.087947882736155947e-01
5.993808675449960877e-01 6.332597302594950017e-01 8.817934782608695121e-01 8.773072747014114547e-01
5.672035242690550705e-01 5.955242422226499910e-01 9.057065217391304657e-01 9.011943539630835609e-01
6.279865590249246177e-01 6.613545988818639865e-01 8.769021739130434812e-01 8.718783930510315416e-01
5.413505897757142638e-01 5.647628167534696209e-01 9.304347826086956097e-01 9.239956568946796622e-01
5.750926345564550957e-01 6.009468980925525283e-01 9.048913043478260532e-01 8.914223669923995175e-01
6.259884976493306219e-01 6.585895739457501286e-01 8.777173913043477826e-01 8.707926167209555368e-01
6.178653316176868637e-01 6.516582996786325355e-01 8.774456521739130155e-01 8.762214983713354499e-01
5.407926983927516806e-01 5.641572336460847215e-01 9.312500000000000222e-01 9.239956568946796622e-01
5.977444650104452029e-01 6.135824523377783057e-01 8.978260869565217739e-01 8.849077090119434885e-01
5.377454072120426698e-01 5.615082393009227513e-01 9.290760869565217739e-01 9.120521172638436092e-01
5.370576703869005541e-01 5.619641660983043518e-01 9.304347826086956097e-01 9.174809989142236333e-01
5.494712811915838380e-01 5.776237949600200317e-01 9.187499999999999556e-01 9.087947882736155947e-01
5.338344623841797532e-01 5.596577468096329833e-01 9.290760869565217739e-01 9.131378935939196140e-01
5.485782309523595801e-01 5.741455259588673643e-01 9.233695652173913304e-01 9.120521172638436092e-01
5.453445308560794791e-01 5.724548364620584140e-01 9.309782608695652550e-01 9.196525515743756429e-01
5.604743955052601256e-01 5.934823955683770080e-01 9.067934782608695343e-01 9.011943539630835609e-01
5.477471588184070761e-01 5.768467414615418010e-01 9.173913043478261198e-01 9.087947882736155947e-01
5.601735948880156579e-01 5.935180395689029220e-01 9.046195652173912860e-01 9.011943539630835609e-01
5.947078041233493373e-01 6.303065234575048192e-01 8.885869565217391353e-01 8.816503800217154740e-01
5.288545062974566724e-01 5.556145002077989004e-01 9.331521739130435034e-01 9.229098805646036574e-01
5.366188434421215181e-01 5.641645307986845603e-01 9.271739130434782927e-01 9.055374592833875802e-01
5.250418524761262251e-01 5.539946784003149105e-01 9.312500000000000222e-01 9.229098805646036574e-01
5.380840606184391639e-01 5.669731247833713628e-01 9.317934782608695565e-01 9.142236699239956188e-01
6.183316704683893272e-01 6.432538654270349987e-01 8.828804347826086918e-01 8.631921824104235030e-01
5.304810536986808156e-01 5.586384911418441623e-01 9.309782608695652550e-01 9.185667752442996381e-01
5.310771970808728648e-01 5.564860405635086993e-01 9.331521739130435034e-01 9.229098805646036574e-01
5.281025834534124330e-01 5.544604169589067988e-01 9.353260869565217517e-01 9.196525515743756429e-01
5.460718811881438706e-01 5.727491654819766298e-01 9.236413043478260976e-01 9.044516829533115754e-01
5.650451039689284860e-01 5.962437299094932586e-01 9.043478260869565188e-01 9.066232356134635850e-01
5.919099118557487049e-01 6.238926043366215257e-01 8.847826086956521729e-01 8.838219326818674837e-01
5.282118854588312429e-01 5.626403646513331580e-01 9.331521739130435034e-01 9.131378935939196140e-01
5.329212928053369547e-01 5.562681014424252224e-01 9.320652173913043237e-01 9.229098805646036574e-01
6.259795266472190090e-01 6.463219329478449016e-01 8.706521739130435034e-01 8.555917480998914693e-01
5.347119982498794721e-01 5.647980471600798635e-01 9.269021739130435256e-01 9.131378935939196140e-01
5.695187897325850734e-01 5.969197304821659555e-01 9.016304347826087362e-01 8.990228013029315512e-01
5.472453387935454217e-01 5.797267459541329826e-01 9.203804347826086696e-01 9.131378935939196140e-01
5.319979161380338217e-01 5.631922373964107775e-01 9.260869565217391131e-01 9.142236699239956188e-01
5.589659893218973385e-01 5.900829165797443210e-01 9.065217391304347672e-01 9.066232356134635850e-01
6.960170144501219847e-01 7.342001569261553673e-01 8.366847826086956097e-01 8.197611292073833100e-01
5.303317912891406527e-01 5.649721896325590187e-01 9.317934782608695565e-01 9.131378935939196140e-01
5.735779657106587770e-01 6.023765850724470683e-01 9.002717391304347894e-01 9.001085776330075561e-01
6.772347518097002750e-01 7.139084095066263735e-01 8.557065217391304213e-01 8.436482084690554162e-01
5.375813141952153762e-01 5.729313330944582061e-01 9.266304347826086474e-01 9.120521172638436092e-01
5.375687388718674020e-01 5.661553909432882614e-01 9.263586956521738802e-01 9.163952225841476285e-01
5.257264712046699762e-01 5.517904848189855160e-01 9.358695652173912860e-01 9.218241042345276526e-01
5.963286876676368031e-01 6.320365986502795019e-01 8.896739130434783149e-01 8.859934853420194933e-01
5.376413367677355115e-01 5.675606200164512449e-01 9.228260869565216851e-01 9.142236699239956188e-01
5.265137011560516722e-01 5.560327762140989671e-01 9.309782608695652550e-01 9.218241042345276526e-01
5.248482872719907322e-01 5.553236165026883553e-01 9.334239130434782705e-01 9.218241042345276526e-01
5.323006227487033781e-01 5.657164570940120818e-01 9.301630434782608425e-01 9.098805646036915995e-01
5.397227057371533077e-01 5.725928158324968820e-01 9.255434782608695787e-01 9.077090119435395899e-01
5.278286808473020564e-01 5.593178728652939968e-01 9.323369565217390909e-01 9.087947882736155947e-01
5.503691508562457146e-01 5.817205774014174713e-01 9.105978260869564966e-01 9.044516829533115754e-01
5.271663437798385088e-01 5.529337698248062427e-01 9.358695652173912860e-01 9.207383279044516478e-01
5.381884403677947848e-01 5.654498383133853556e-01 9.326086956521738580e-01 9.120521172638436092e-01
5.229946662418054615e-01 5.545278380311562394e-01 9.334239130434782705e-01 9.174809989142236333e-01
5.843946282932700464e-01 6.094914083763282031e-01 8.956521739130435256e-01 8.870792616720954982e-01
6.435537603007716045e-01 6.785423632581386588e-01 8.692934782608695565e-01 8.610206297502714934e-01
5.574016173969511545e-01 5.919538884342424589e-01 9.067934782608695343e-01 9.022801302931595657e-01
5.402373364220494079e-01 5.733058613670489745e-01 9.198369565217391353e-01 9.109663409337676043e-01
5.462466640957982511e-01 5.762791545468831655e-01 9.195652173913043681e-01 9.001085776330075561e-01
5.317511508424288547e-01 5.633797778917926102e-01 9.277173913043478271e-01 9.131378935939196140e-01
5.311735498529387423e-01 5.702766436660713367e-01 9.274456521739130599e-01 9.120521172638436092e-01
5.177903711375519968e-01 5.539375630943176310e-01 9.355978260869565188e-01 9.120521172638436092e-01
5.306914833878699778e-01 5.579617169294727175e-01 9.328804347826087362e-01 9.163952225841476285e-01
5.197769791337437661e-01 5.531856814899172026e-01 9.339673913043478048e-01 9.229098805646036574e-01
6.066010759020741272e-01 6.435555441180254022e-01 8.842391304347826386e-01 8.751357220412594451e-01
5.328721904908253482e-01 5.651505298168493230e-01 9.269021739130435256e-01 9.120521172638436092e-01
5.238025573750717534e-01 5.525433717226859720e-01 9.366847826086956985e-01 9.229098805646036574e-01
5.767375767240381368e-01 6.103202944997184742e-01 8.956521739130435256e-01 8.903365906623235126e-01
7.556832647397191405e-01 7.727882121276400396e-01 7.858695652173912638e-01 7.893593919652551749e-01
5.639294439172097828e-01 5.994694919114575971e-01 9.059782608695652328e-01 8.925081433224755223e-01
5.320703426256518931e-01 5.668581991691692412e-01 9.326086956521738580e-01 9.087947882736155947e-01
5.738656824369362530e-01 6.119256183365140433e-01 8.980978260869565410e-01 8.946796959826275319e-01
5.538795138685334019e-01 5.941063506857544585e-01 9.163043478260869401e-01 9.055374592833875802e-01
5.474483631574071918e-01 5.770468102083595729e-01 9.184782608695651884e-01 9.087947882736155947e-01
5.211071921806218477e-01 5.539797238272511359e-01 9.328804347826087362e-01 9.153094462540716236e-01
5.350325912142284146e-01 5.706751413889705749e-01 9.252717391304348116e-01 9.153094462540716236e-01
5.357852921511533362e-01 5.668325295667556718e-01 9.266304347826086474e-01 9.109663409337676043e-01
5.209761546468136828e-01 5.552871123995601899e-01 9.339673913043478048e-01 9.142236699239956188e-01
5.277899611353316089e-01 5.613240167134829761e-01 9.304347826086956097e-01 9.153094462540716236e-01
5.623603888645789528e-01 6.011595873095709752e-01 9.048913043478260532e-01 9.011943539630835609e-01
5.409382665174031768e-01 5.672942624677855816e-01 9.214673913043478493e-01 9.055374592833875802e-01
5.423443219598907961e-01 5.737200873545424962e-01 9.217391304347826164e-01 9.109663409337676043e-01
5.185911087046147783e-01 5.533517476700013926e-01 9.342391304347825720e-01 9.196525515743756429e-01
5.223621191001618369e-01 5.521354277549184175e-01 9.347826086956522174e-01 9.250814332247556671e-01
5.784666215406807366e-01 6.053686926279459035e-01 9.206521739130434367e-01 9.011943539630835609e-01
5.527539839590620563e-01 5.901056593441571518e-01 9.130434782608695121e-01 9.044516829533115754e-01
5.300922168501769338e-01 5.688841733596677885e-01 9.279891304347825942e-01 9.153094462540716236e-01
5.721769873119793015e-01 6.092954550304560124e-01 9.005434782608695565e-01 8.849077090119434885e-01
5.393879904008201942e-01 5.803324130462083064e-01 9.209239130434783149e-01 9.098805646036915995e-01
6.095168754581176129e-01 6.449259044445309064e-01 8.777173913043477826e-01 8.664495114006515175e-01
5.260786270231337935e-01 5.623772611296975477e-01 9.331521739130435034e-01 9.163952225841476285e-01
5.689813641466352490e-01 6.018929981045820776e-01 9.010869565217390909e-01 8.957654723127035368e-01
5.297816688745863312e-01 5.650158082572140916e-01 9.288043478260870067e-01 9.131378935939196140e-01
5.246225237611827907e-01 5.634079691312917637e-01 9.312500000000000222e-01 9.120521172638436092e-01
5.352999817449338726e-01 5.759834987401322159e-01 9.260869565217391131e-01 9.098805646036915995e-01
5.606239434533645261e-01 5.985227538734589903e-01 9.054347826086956985e-01 8.957654723127035368e-01
7.082272590887090935e-01 7.536886968345273274e-01 8.304347826086956319e-01 8.143322475570032859e-01
5.467038491305112879e-01 5.829060816701049363e-01 9.141304347826086918e-01 9.120521172638436092e-01
5.351076874786386828e-01 5.746823332764514625e-01 9.233695652173913304e-01 9.109663409337676043e-01
5.309081001254956078e-01 5.685012259683566160e-01 9.328804347826087362e-01 9.077090119435395899e-01
5.468867283362940368e-01 5.837719827805092354e-01 9.152173913043478715e-01 9.120521172638436092e-01
6.072200719504231570e-01 6.461868122314763374e-01 8.823369565217391575e-01 8.740499457111835513e-01
5.201201238436595764e-01 5.522508989781137467e-01 9.358695652173912860e-01 9.239956568946796622e-01
5.168820358117056646e-01 5.541629767837639164e-01 9.353260869565217517e-01 9.207383279044516478e-01
5.143768983757959212e-01 5.511912732102727253e-01 9.350543478260869845e-01 9.163952225841476285e-01
5.212427035718749657e-01 5.539990672480198386e-01 9.328804347826087362e-01 9.207383279044516478e-01
5.757763751084138404e-01 6.131110929665146703e-01 8.967391304347825942e-01 8.914223669923995175e-01
5.311218134268742563e-01 5.689756577921600833e-01 9.298913043478260754e-01 9.044516829533115754e-01
5.400450608621339965e-01 5.813992849545563946e-01 9.247282608695651662e-01 9.001085776330075561e-01
5.263892833834592500e-01 5.598734921633754524e-01 9.342391304347825720e-01 9.174809989142236333e-01
5.191139755629573527e-01 5.570147562418367171e-01 9.312500000000000222e-01 9.174809989142236333e-01
5.458164759232196905e-01 5.754807911082657768e-01 9.326086956521738580e-01 9.174809989142236333e-01
5.277945720827661447e-01 5.551503529654947533e-01 9.331521739130435034e-01 9.218241042345276526e-01
5.195239028721725383e-01 5.510933106964073236e-01 9.347826086956522174e-01 9.196525515743756429e-01
5.449488448295186638e-01 5.756444133588902723e-01 9.165760869565217073e-01 9.087947882736155947e-01
5.180678543681923598e-01 5.507595625614818413e-01 9.323369565217390909e-01 9.218241042345276526e-01
5.198570273179997647e-01 5.563331429704938547e-01 9.361413043478260532e-01 9.207383279044516478e-01
5.192239243887709632e-01 5.558861653843036876e-01 9.339673913043478048e-01 9.131378935939196140e-01
5.274115931062064444e-01 5.618023542409363857e-01 9.345108695652173392e-01 9.207383279044516478e-01
5.318803161497586141e-01 5.709120870342246912e-01 9.250000000000000444e-01 9.087947882736155947e-01
5.174915836554738746e-01 5.524308765450102188e-01 9.361413043478260532e-01 9.218241042345276526e-01
5.220945817927724608e-01 5.594882663261064870e-01 9.296195652173913082e-01 9.142236699239956188e-01
5.261834340918284392e-01 5.616787966388294695e-01 9.279891304347825942e-01 9.109663409337676043e-01
5.334624913394437895e-01 5.734817407087267060e-01 9.233695652173913304e-01 9.109663409337676043e-01
5.301948788980898053e-01 5.642685229189915441e-01 9.258152173913043459e-01 9.142236699239956188e-01
5.210295836698566330e-01 5.566643571757153852e-01 9.361413043478260532e-01 9.229098805646036574e-01
5.286399857536751012e-01 5.617393617946679907e-01 9.263586956521738802e-01 9.131378935939196140e-01
7.018864142159948472e-01 7.430491756978231388e-01 8.304347826086956319e-01 8.099891422366992666e-01
5.164217897313737593e-01 5.566746850759428655e-01 9.353260869565217517e-01 9.185667752442996381e-01
6.161255345268691341e-01 6.541547923102184470e-01 8.782608695652174280e-01 8.697068403908795320e-01
5.257620893701877574e-01 5.620622674737473234e-01 9.304347826086956097e-01 9.044516829533115754e-01
5.474054526115412767e-01 5.815299653757152187e-01 9.154891304347826386e-01 8.968512486427795416e-01
5.224851792359874736e-01 5.611221344562207225e-01 9.307065217391304879e-01 9.131378935939196140e-01
5.191194817199704659e-01 5.583961492252496051e-01 9.331521739130435034e-01 9.207383279044516478e-01
6.676994019711507411e-01 6.963653963176084094e-01 8.472826086956521952e-01 8.338762214983713728e-01
5.348393735606443711e-01 5.729039762949381664e-01 9.236413043478260976e-01 8.979370249728555464e-01
5.246228850725530579e-01 5.620949009119419193e-01 9.317934782608695565e-01 9.153094462540716236e-01
5.146197068399246399e-01 5.504789739698932038e-01 9.358695652173912860e-01 9.174809989142236333e-01
5.430628438680520365e-01 5.715673817270874313e-01 9.184782608695651884e-01 9.131378935939196140e-01
5.218140433654616661e-01 5.576249317547091744e-01 9.334239130434782705e-01 9.207383279044516478e-01
5.555051224830344081e-01 5.896995064519814367e-01 9.046195652173912860e-01 8.990228013029315512e-01
5.182647677659807384e-01 5.548415649627812529e-01 9.361413043478260532e-01 9.163952225841476285e-01
5.190650563311178800e-01 5.604579896745460754e-01 9.353260869565217517e-01 9.163952225841476285e-01
5.368199624606182496e-01 5.792618020701010284e-01 9.217391304347826164e-01 8.990228013029315512e-01
5.261322177229085240e-01 5.653283891781871739e-01 9.282608695652173614e-01 9.011943539630835609e-01
5.243124411175431598e-01 5.600144151195535214e-01 9.290760869565217739e-01 9.142236699239956188e-01
5.254964082454289809e-01 5.587945593073520012e-01 9.309782608695652550e-01 9.142236699239956188e-01
5.984647283151047770e-01 6.289786342537988517e-01 8.861413043478261198e-01 8.718783930510315416e-01
5.223040192433154871e-01 5.565343417178603147e-01 9.326086956521738580e-01 9.218241042345276526e-01
5.124424306018350306e-01 5.497762839705379045e-01 9.377717391304347672e-01 9.196525515743756429e-01
5.363281503355131763e-01 5.732885242489268451e-01 9.239130434782608647e-01 9.033659066232355705e-01
6.340006382574496779e-01 6.703269182753200939e-01 8.779891304347826608e-01 8.664495114006515175e-01
5.249401136028948311e-01 5.627821761812378254e-01 9.334239130434782705e-01 9.196525515743756429e-01
5.157629838741719652e-01 5.553353066820587713e-01 9.353260869565217517e-01 9.163952225841476285e-01
5.218240733631157591e-01 5.623557341431600909e-01 9.369565217391304657e-01 9.120521172638436092e-01
5.151248438284521391e-01 5.550245102094770733e-01 9.369565217391304657e-01 9.174809989142236333e-01
5.216906746859638622e-01 5.601233878411632228e-01 9.328804347826087362e-01 9.131378935939196140e-01
5.170557809070213118e-01 5.606122633552005352e-01 9.336956521739130377e-01 9.163952225841476285e-01
5.133318964633961645e-01 5.556357358568588811e-01 9.353260869565217517e-01 9.153094462540716236e-01
5.141863421867525208e-01 5.563583320656279030e-01 9.347826086956522174e-01 9.163952225841476285e-01
5.300368163771150831e-01 5.697866095690921062e-01 9.279891304347825942e-01 9.098805646036915995e-01
5.439950495569199074e-01 5.832398282089595876e-01 9.165760869565217073e-01 9.044516829533115754e-01
5.197156969631968604e-01 5.535048894398375552e-01 9.323369565217390909e-01 9.153094462540716236e-01
5.343896834862557066e-01 5.768526679201222418e-01 9.230978260869565633e-01 9.087947882736155947e-01
5.143436309093148973e-01 5.590197558367038244e-01 9.342391304347825720e-01 9.163952225841476285e-01
6.226015403672962023e-01 6.649250232397836413e-01 8.812499999999999778e-01 8.707926167209555368e-01
7.059311547585643831e-01 7.295446170553706589e-01 8.296195652173913304e-01 8.241042345276873293e-01
5.326483599954482395e-01 5.720837345299851773e-01 9.244565217391303991e-01 9.087947882736155947e-01
5.215880339323659687e-01 5.624335756949025988e-01 9.328804347826087362e-01 9.174809989142236333e-01
5.592194615102775712e-01 5.949591060354209038e-01 9.019021739130435034e-01 8.990228013029315512e-01
5.211857155237221706e-01 5.652648855784008219e-01 9.315217391304347894e-01 9.174809989142236333e-01
5.200344728083657886e-01 5.579419453563275733e-01 9.304347826086956097e-01 9.120521172638436092e-01
5.277188468382335573e-01 5.626611345616342463e-01 9.331521739130435034e-01 9.174809989142236333e-01
5.175354493818707935e-01 5.556605044615364752e-01 9.339673913043478048e-01 9.196525515743756429e-01
5.287241160510465221e-01 5.677575949315717407e-01 9.290760869565217739e-01 9.142236699239956188e-01
5.681727395399136515e-01 6.011051271688927500e-01 8.983695652173913082e-01 8.892508143322475078e-01
5.275588407126159396e-01 5.640788519961869030e-01 9.298913043478260754e-01 9.109663409337676043e-01
5.440355287191901423e-01 5.822695116290547146e-01 9.222826086956521507e-01 9.011943539630835609e-01
5.251213820996901704e-01 5.582831743894179910e-01 9.307065217391304879e-01 9.131378935939196140e-01
5.387448015480773567e-01 5.759188304175821838e-01 9.255434782608695787e-01 9.142236699239956188e-01
5.261622744985205991e-01 5.613887331927451818e-01 9.342391304347825720e-01 9.185667752442996381e-01
5.521127652824673326e-01 5.900862862050597624e-01 9.076086956521739468e-01 8.957654723127035368e-01
5.272394903497150676e-01 5.628816950608638292e-01 9.271739130434782927e-01 9.087947882736155947e-01
5.210900323539591206e-01 5.573398395499654656e-01 9.366847826086956985e-01 9.174809989142236333e-01
6.164589978680695692e-01 6.543905876309537017e-01 8.782608695652174280e-01 8.762214983713354499e-01
5.453618062730042348e-01 5.847983104882630290e-01 9.127717391304347450e-01 9.066232356134635850e-01
5.992604307889695114e-01 6.358111413530227463e-01 8.866847826086956541e-01 8.838219326818674837e-01
5.176475689938730973e-01 5.543865073197786764e-01 9.328804347826087362e-01 9.207383279044516478e-01
5.343485663031727340e-01 5.719552884105284507e-01 9.258152173913043459e-01 9.109663409337676043e-01
5.363088671901566906e-01 5.741920828728814818e-01 9.247282608695651662e-01 9.011943539630835609e-01
5.422812846375716367e-01 5.791601487761116607e-01 9.236413043478260976e-01 8.990228013029315512e-01
5.385486806420584083e-01 5.792213909998448207e-01 9.250000000000000444e-01 9.109663409337676043e-01
5.244987420943694190e-01 5.610007131368444089e-01 9.326086956521738580e-01 9.196525515743756429e-01
5.676660750815584189e-01 6.067505241730146714e-01 9.067934782608695343e-01 8.946796959826275319e-01
5.789926373290421591e-01 6.165458136214445606e-01 8.991847826086956097e-01 8.946796959826275319e-01
5.249595455745558192e-01 5.635907987883609360e-01 9.304347826086956097e-01 9.142236699239956188e-01
5.156373800730389423e-01 5.556013980160487975e-01 9.345108695652173392e-01 9.153094462540716236e-01
5.156235088055173277e-01 5.513239173889323830e-01 9.358695652173912860e-01 9.218241042345276526e-01
5.174622879423266264e-01 5.542628728966367824e-01 9.304347826086956097e-01 9.153094462540716236e-01
5.150866004569566448e-01 5.578898464224324449e-01 9.366847826086956985e-01 9.185667752442996381e-01
5.133871417348927491e-01 5.591086274752808949e-01 9.345108695652173392e-01 9.098805646036915995e-01
5.271466498885707397e-01 5.683402166386646304e-01 9.331521739130435034e-01 9.120521172638436092e-01
5.232039954583752595e-01 5.675387760126432424e-01 9.293478260869565410e-01 9.131378935939196140e-01
5.172321057650658416e-01 5.553955023635650523e-01 9.347826086956522174e-01 9.153094462540716236e-01
5.498718319352881023e-01 5.893465748120908509e-01 9.108695652173912638e-01 9.011943539630835609e-01
5.326302065745370795e-01 5.732562167030901268e-01 9.230978260869565633e-01 9.098805646036915995e-01
6.347012462560668311e-01 6.745236639881898588e-01 8.722826086956522174e-01 8.631921824104235030e-01
5.442256084780905390e-01 5.813074685031240918e-01 9.127717391304347450e-01 9.044516829533115754e-01
5.123898498228637299e-01 5.562839119772269303e-01 9.361413043478260532e-01 9.207383279044516478e-01
5.370768270056028859e-01 5.826975410100631025e-01 9.241847826086956319e-01 8.990228013029315512e-01
5.195475722320158640e-01 5.598789866641826762e-01 9.350543478260869845e-01 9.142236699239956188e-01
5.327901352875988872e-01 5.738391471447996661e-01 9.233695652173913304e-01 9.098805646036915995e-01
5.395623119545677193e-01 5.771292731047759084e-01 9.206521739130434367e-01 9.066232356134635850e-01
5.956760307648988340e-01 6.368142927111062335e-01 8.877717391304348338e-01 8.762214983713354499e-01
5.193184538531390171e-01 5.622990213024233741e-01 9.347826086956522174e-01 9.077090119435395899e-01
5.217765728101549927e-01 5.635048623069910390e-01 9.312500000000000222e-01 9.142236699239956188e-01
5.290457736572792280e-01 5.708101064545205716e-01 9.279891304347825942e-01 9.131378935939196140e-01
5.273827990615088668e-01 5.712691750226653875e-01 9.255434782608695787e-01 9.077090119435395899e-01
5.928047626169089535e-01 6.289107993217953885e-01 8.932065217391303991e-01 8.762214983713354499e-01
5.409066481496548340e-01 5.803481887663967109e-01 9.228260869565216851e-01 9.098805646036915995e-01
5.117518129251930059e-01 5.491521918109539824e-01 9.364130434782608203e-01 9.174809989142236333e-01
5.130992992981117107e-01 5.558489142572711206e-01 9.366847826086956985e-01 9.196525515743756429e-01
5.527614815406348692e-01 5.960293392833588833e-01 9.081521739130434812e-01 8.979370249728555464e-01
5.189741682367953191e-01 5.553372420761386596e-01 9.345108695652173392e-01 9.153094462540716236e-01
5.220415117788537174e-01 5.610930622578608196e-01 9.285326086956521285e-01 9.120521172638436092e-01
5.162301271518686674e-01 5.532883245091282376e-01 9.377717391304347672e-01 9.229098805646036574e-01
5.208219235095903343e-01 5.523804787244520620e-01 9.334239130434782705e-01 9.218241042345276526e-01
5.217089384872666269e-01 5.598760348009874654e-01 9.309782608695652550e-01 9.142236699239956188e-01
5.407472170013370993e-01 5.802226309022466832e-01 9.222826086956521507e-01 9.033659066232355705e-01
5.187429834867702816e-01 5.589964055462122161e-01 9.331521739130435034e-01 9.239956568946796622e-01
5.096742571700614288e-01 5.540271002813808021e-01 9.350543478260869845e-01 9.185667752442996381e-01
5.896280233524940906e-01 6.315054571468800004e-01 8.826086956521739246e-01 8.740499457111835513e-01
5.222614522752064836e-01 5.563429375009818489e-01 9.366847826086956985e-01 9.163952225841476285e-01
5.187156597227523536e-01 5.569875493904919983e-01 9.331521739130435034e-01 9.196525515743756429e-01
5.390277458153263090e-01 5.848685272477263108e-01 9.173913043478261198e-01 9.077090119435395899e-01
5.403825933451292807e-01 5.830670252047257529e-01 9.220108695652173836e-01 8.935939196525515271e-01
5.427194161469186540e-01 5.830395060753872372e-01 9.173913043478261198e-01 8.968512486427795416e-01
5.901899807522142938e-01 6.318704372276280345e-01 8.921195652173913304e-01 8.859934853420194933e-01
5.118098463822043920e-01 5.548488551786289191e-01 9.380434782608695343e-01 9.207383279044516478e-01
5.491687941449931998e-01 5.973790731777613994e-01 9.160326086956521729e-01 8.957654723127035368e-01
5.184679078211652525e-01 5.658621419337881431e-01 9.328804347826087362e-01 9.174809989142236333e-01
5.309916286403244534e-01 5.837676590065115079e-01 9.271739130434782927e-01 9.087947882736155947e-01
5.577730905119062665e-01 6.036905841036527276e-01 9.089673913043477826e-01 9.022801302931595657e-01
5.527644745806465920e-01 5.901530101591366817e-01 9.089673913043477826e-01 9.001085776330075561e-01
5.127356858014285867e-01 5.578610977220708200e-01 9.347826086956522174e-01 9.174809989142236333e-01
6.200206406564603423e-01 6.709841469647851442e-01 8.796195652173912638e-01 8.577633007600434789e-01
5.146507356391673005e-01 5.583202954186993194e-01 9.345108695652173392e-01 9.185667752442996381e-01
5.779510226472266421e-01 6.152555068040326258e-01 8.934782608695651662e-01 8.859934853420194933e-01
5.199182520104369543e-01 5.632203842910192826e-01 9.307065217391304879e-01 9.185667752442996381e-01
5.390419724914677913e-01 5.835867470284572534e-01 9.195652173913043681e-01 8.990228013029315512e-01
5.322658182530918269e-01 5.654097331237819546e-01 9.336956521739130377e-01 9.185667752442996381e-01
5.212852021053785423e-01 5.642656554703477934e-01 9.336956521739130377e-01 9.153094462540716236e-01
5.513961104975058092e-01 5.970788196673819659e-01 9.146739130434782261e-01 9.022801302931595657e-01
5.885133153709655174e-01 6.373533710571852584e-01 8.945652173913043459e-01 8.794788273615634644e-01
5.445737504286050079e-01 5.797291058335327651e-01 9.152173913043478715e-01 9.055374592833875802e-01
5.373768062221270236e-01 5.774979157464514845e-01 9.225543478260869179e-01 9.044516829533115754e-01
5.516589697184086649e-01 5.925608211334528752e-01 9.130434782608695121e-01 9.077090119435395899e-01
5.182682417959610932e-01 5.577161181315095639e-01 9.358695652173912860e-01 9.163952225841476285e-01
5.105340147547445806e-01 5.491122667837445848e-01 9.358695652173912860e-01 9.185667752442996381e-01
5.115247797791642181e-01 5.483245617702103836e-01 9.380434782608695343e-01 9.250814332247556671e-01
6.199553658275935852e-01 6.658253939815220734e-01 8.855978260869564744e-01 8.740499457111835513e-01
5.163933288473656624e-01 5.625257769346975190e-01 9.320652173913043237e-01 9.120521172638436092e-01
5.189661117084073405e-01 5.582186863151580303e-01 9.320652173913043237e-01 9.163952225841476285e-01
5.261223215775702178e-01 5.681907873565442690e-01 9.263586956521738802e-01 9.142236699239956188e-01
5.668595130096488743e-01 6.003689094939401727e-01 9.048913043478260532e-01 8.979370249728555464e-01
5.257308334461696653e-01 5.723206633978358271e-01 9.304347826086956097e-01 9.098805646036915995e-01
5.138171060568236248e-01 5.594765059748693092e-01 9.369565217391304657e-01 9.218241042345276526e-01
5.558871702878945831e-01 5.941603754328519393e-01 9.057065217391304657e-01 8.903365906623235126e-01
5.138712021582627631e-01 5.554828764721972956e-01 9.375000000000000000e-01 9.153094462540716236e-01
5.258319258260750750e-01 5.689069381820577309e-01 9.315217391304347894e-01 9.077090119435395899e-01
5.740485319714124790e-01 6.076291002414663245e-01 8.918478260869565633e-01 8.914223669923995175e-01
5.292742219096886469e-01 5.663063985806797707e-01 9.258152173913043459e-01 9.131378935939196140e-01
6.349425217590094483e-01 6.802728739877470510e-01 8.766304347826087140e-01 8.566775244299674741e-01
5.408022209897346277e-01 5.839323011607777669e-01 9.192934782608696009e-01 9.055374592833875802e-01
5.588530575686670998e-01 5.997404047242624880e-01 9.097826086956521952e-01 9.001085776330075561e-01
5.483199434778813774e-01 5.851157939850062384e-01 9.130434782608695121e-01 9.055374592833875802e-01
5.326921468646775848e-01 5.747416144515888892e-01 9.217391304347826164e-01 9.087947882736155947e-01
5.538274421399849157e-01 5.878713406117899165e-01 9.225543478260869179e-01 9.077090119435395899e-01
5.311305636601301172e-01 5.699174122000958409e-01 9.244565217391303991e-01 9.055374592833875802e-01
5.288709015200341312e-01 5.689464041874450206e-01 9.315217391304347894e-01 9.120521172638436092e-01
5.451225333572157217e-01 5.803973064475574928e-01 9.176630434782608869e-01 9.066232356134635850e-01
6.175467851757107107e-01 6.572884604435959011e-01 8.766304347826087140e-01 8.686210640608035272e-01
5.188987043942030475e-01 5.525559722345368963e-01 9.336956521739130377e-01 9.142236699239956188e-01
5.224355356693940466e-01 5.653967303578364412e-01 9.339673913043478048e-01 9.120521172638436092e-01
5.348252453349144897e-01 5.702958861799145573e-01 9.293478260869565410e-01 9.044516829533115754e-01
5.300878156823578546e-01 5.649182056763375481e-01 9.334239130434782705e-01 9.163952225841476285e-01
5.589357692831065094e-01 6.037131548781520252e-01 9.057065217391304657e-01 8.881650380021715030e-01
5.519308641573358321e-01 5.937156543965783628e-01 9.070652173913043015e-01 8.914223669923995175e-01
5.217880383847229853e-01 5.620589621818515846e-01 9.342391304347825720e-01 9.174809989142236333e-01
5.194254513570557563e-01 5.662560931828439781e-01 9.320652173913043237e-01 9.163952225841476285e-01
5.131097825224314457e-01 5.533537031203012990e-01 9.339673913043478048e-01 9.185667752442996381e-01
5.079859956690823131e-01 5.478465325817698517e-01 9.353260869565217517e-01 9.185667752442996381e-01
5.104694068431959719e-01 5.514983858160982244e-01 9.366847826086956985e-01 9.218241042345276526e-01
5.181383477822187889e-01 5.670931163279929743e-01 9.342391304347825720e-01 9.077090119435395899e-01
5.217398839637465979e-01 5.647675118287807106e-01 9.293478260869565410e-01 9.077090119435395899e-01
5.087687818775478155e-01 5.536086373745180422e-01 9.366847826086956985e-01 9.218241042345276526e-01
5.563025855668287667e-01 6.026029199517138890e-01 9.124999999999999778e-01 8.979370249728555464e-01
5.276194030652762157e-01 5.673416406028364278e-01 9.353260869565217517e-01 9.163952225841476285e-01
5.955729027473030124e-01 6.348688027691459235e-01 8.883152173913043681e-01 8.805646036916394692e-01
5.283670144568154425e-01 5.739210900506670487e-01 9.277173913043478271e-01 9.033659066232355705e-01
5.278758687810709560e-01 5.697978222402040327e-01 9.271739130434782927e-01 9.077090119435395899e-01
5.719797593736662966e-01 6.153195593542959418e-01 8.983695652173913082e-01 8.794788273615634644e-01
5.153946717565702773e-01 5.577754005887075595e-01 9.369565217391304657e-01 9.163952225841476285e-01
5.353120368802379847e-01 5.769155135268844159e-01 9.182065217391304213e-01 9.033659066232355705e-01
6.110340880427723720e-01 6.563210534016419295e-01 8.771739130434782483e-01 8.642779587404995079e-01
5.328194679763097463e-01 5.735478686975292728e-01 9.230978260869565633e-01 8.990228013029315512e-01
5.223795640535185969e-01 5.631196238001036081e-01 9.309782608695652550e-01 9.131378935939196140e-01
5.473817606093783761e-01 5.812302294338994590e-01 9.171195652173913526e-01 9.033659066232355705e-01
5.339997162052940727e-01 5.690646027362871173e-01 9.293478260869565410e-01 9.142236699239956188e-01
5.162857129111817489e-01 5.530191818195725473e-01 9.369565217391304657e-01 9.153094462540716236e-01
5.156190669027816975e-01 5.504782451181097214e-01 9.383152173913043015e-01 9.229098805646036574e-01
5.370565084369397502e-01 5.725009585390520295e-01 9.258152173913043459e-01 9.120521172638436092e-01
5.186968619306805417e-01 5.569739197251329932e-01 9.282608695652173614e-01 9.142236699239956188e-01
5.529131914428824235e-01 5.882813990744860666e-01 9.176630434782608869e-01 9.033659066232355705e-01
5.331215104498155943e-01 5.660575861167218559e-01 9.269021739130435256e-01 9.087947882736155947e-01
5.086154911564816361e-01 5.487675375784272225e-01 9.364130434782608203e-01 9.250814332247556671e-01
5.143259800596274856e-01 5.496807610806850874e-01 9.347826086956522174e-01 9.207383279044516478e-01
5.053817147417907218e-01 5.454161925767180286e-01 9.399456521739130155e-01 9.218241042345276526e-01
5.222265864811189706e-01 5.565744980776667905e-01 9.339673913043478048e-01 9.196525515743756429e-01
5.551639509971623143e-01 6.002566990070348218e-01 9.122282608695652106e-01 9.033659066232355705e-01
5.146548750556541041e-01 5.524244099824072718e-01 9.334239130434782705e-01 9.174809989142236333e-01
5.469527337341461015e-01 5.846504761428602537e-01 9.133152173913043903e-01 9.055374592833875802e-01
5.608779786527366973e-01 5.913534360271621715e-01 8.967391304347825942e-01 8.892508143322475078e-01
5.111924621834377236e-01 5.503396107515291513e-01 9.339673913043478048e-01 9.163952225841476285e-01
5.301965103993713235e-01 5.720642315006475576e-01 9.277173913043478271e-01 9.077090119435395899e-01
5.929439589084772866e-01 6.362462556811515624e-01 8.937500000000000444e-01 8.838219326818674837e-01
5.170128281927374170e-01 5.589457109326495532e-01 9.336956521739130377e-01 9.109663409337676043e-01
5.144520202000235631e-01 5.560681704736756270e-01 9.372282608695652328e-01 9.153094462540716236e-01
5.166307185821662484e-01 5.615295401093057803e-01 9.336956521739130377e-01 9.120521172638436092e-01
5.492739945418254610e-01 5.933625705390512817e-01 9.124999999999999778e-01 8.968512486427795416e-01
5.279822562584146617e-01 5.638277280056881446e-01 9.331521739130435034e-01 9.163952225841476285e-01
5.190938912232383462e-01 5.678823356772653153e-01 9.328804347826087362e-01 9.120521172638436092e-01
5.119522695262347378e-01 5.551524922963306796e-01 9.342391304347825720e-01 9.163952225841476285e-01
5.106758546182673664e-01 5.565778579893480016e-01 9.358695652173912860e-01 9.185667752442996381e-01
5.393578782955671391e-01 5.772567317130872233e-01 9.157608695652174058e-01 9.022801302931595657e-01
6.155075868403960815e-01 6.518913547390786656e-01 8.788043478260869623e-01 8.664495114006515175e-01
5.304375772236424869e-01 5.669292522971481896e-01 9.317934782608695565e-01 9.163952225841476285e-01
5.314308550592828917e-01 5.706457822411911129e-01 9.369565217391304657e-01 9.077090119435395899e-01
5.146651249235724146e-01 5.568942142488495506e-01 9.350543478260869845e-01 9.185667752442996381e-01
5.171494067507212966e-01 5.579071621932337743e-01 9.372282608695652328e-01 9.185667752442996381e-01
5.184338834990606104e-01 5.574210325950493816e-01 9.315217391304347894e-01 9.109663409337676043e-01
5.940218040187210669e-01 6.302424763133304131e-01 8.815217391304347450e-01 8.740499457111835513e-01
5.206028391166472868e-01 5.629434719952537414e-01 9.315217391304347894e-01 9.142236699239956188e-01
5.160712572793382247e-01 5.596707955413714464e-01 9.372282608695652328e-01 9.174809989142236333e-01
5.233911508650682665e-01 5.670887889461031506e-01 9.263586956521738802e-01 9.087947882736155947e-01
5.174558313061518033e-01 5.521233583875062578e-01 9.377717391304347672e-01 9.196525515743756429e-01
5.963047519344658598e-01 6.368178977196244928e-01 8.994565217391304879e-01 8.957654723127035368e-01
5.604625223671245715e-01 6.046169433773330715e-01 9.103260869565217295e-01 8.946796959826275319e-01
5.193967940075820966e-01 5.653009899089975754e-01 9.285326086956521285e-01 9.120521172638436092e-01
5.498936639883137412e-01 5.919309227066338330e-01 9.133152173913043903e-01 9.044516829533115754e-01
5.114001440255668829e-01 5.520478942255494514e-01 9.369565217391304657e-01 9.185667752442996381e-01
5.628013083462944932e-01 6.034070706149178287e-01 9.073369565217391797e-01 8.946796959826275319e-01
5.760716810516147701e-01 6.217398629563961610e-01 9.019021739130435034e-01 8.838219326818674837e-01
5.163494740375449421e-01 5.563974651312706410e-01 9.353260869565217517e-01 9.153094462540716236e-01
5.110890079448744405e-01 5.517920468547635737e-01 9.347826086956522174e-01 9.207383279044516478e-01
5.410433838729375999e-01 5.788579791304060418e-01 9.144021739130434590e-01 9.098805646036915995e-01
5.130616384647712636e-01 5.567191122847507945e-01 9.331521739130435034e-01 9.163952225841476285e-01
5.194453720679236275e-01 5.551658335511766573e-01 9.309782608695652550e-01 9.174809989142236333e-01
5.185746994739841575e-01 5.565012280541603573e-01 9.328804347826087362e-01 9.174809989142236333e-01
5.102341280109544686e-01 5.521206361123849327e-01 9.377717391304347672e-01 9.207383279044516478e-01
5.168327443586880898e-01 5.568356338722362242e-01 9.339673913043478048e-01 9.131378935939196140e-01
5.741578420904838165e-01 6.140775560469383665e-01 9.002717391304347894e-01 8.849077090119434885e-01
5.558425251110726828e-01 6.034654130496098778e-01 9.146739130434782261e-01 9.087947882736155947e-01
5.103934666515345109e-01 5.568530233834410037e-01 9.347826086956522174e-01 9.163952225841476285e-01
5.114416121720105624e-01 5.546544602434386739e-01 9.315217391304347894e-01 9.185667752442996381e-01
5.130669077695648728e-01 5.590689185411896744e-01 9.353260869565217517e-01 9.153094462540716236e-01
5.116619180048428417e-01 5.595773604275613433e-01 9.353260869565217517e-01 9.153094462540716236e-01
5.704038543768384928e-01 5.996977623096707566e-01 8.980978260869565410e-01 8.935939196525515271e-01
